20.240000
1,0,28.544389975399312,77.270728116651384
0,0,28.544279746708380,77.270734104105728,-178.248
0,0,28.544280409218853,77.270703728469314,-178.911
0,0,28.544267305754349,77.270614932375437,142.011
0,0,28.544257659411922,77.270518178133671,-178.307
0,0,28.544255325817538,77.270487423823326,166.701
0,0,28.544252528871819,77.270478037605073,155.137
0,0,28.544203731565577,77.270476728406649,103.838
0,1,102.316
0,0,28.544162897839797,77.270456339813535,129.130
0,0,28.544046090704001,77.270448416672480,43.282
0,1,42.636
0,0,28.544015148745665,77.270540980675506,37.938
0,0,28.544010110505074,77.270549465967974,29.833
0,0,28.544006047202625,77.270558597387478,21.755
0,1,21.321
0,0,28.544003022363157,77.270568232243591,14.791
0,0,28.543969512193083,77.270597016010086,47.006
0,0,28.543957771735425,77.270612292250334,36.181
0,0,28.543947174375422,77.270640349298873,11.564
0,1,11.354
0,0,28.543942486733478,77.270670119483540,0.537
0,0,28.543942263509269,77.270680351242660,2.804
0,0,28.543928413328750,77.270705951876224,24.977
0,0,28.543920123150706,77.270776095778501,-0.322
0,0,28.543919369721557,77.270817120926026,-0.508
0,0,28.543925286887713,77.270846570090896,-21.343
0,0,28.543947436609322,77.270878762753142,-51.410
0,1,-54.838
0,0,28.543962845088569,77.270889041369870,-66.553
0,0,28.543989140211178,77.270895710316822,-86.695
0,0,28.543995044691030,77.270899800057251,-12.199
0,0,28.544036952387028,77.271029482904666,-44.561
0,0,28.544059676752351,77.271046172911980,-66.594
0,0,28.544103738659867,77.271052700892511,-90.971
0,0,28.544129740595793,77.271059898058880,-70.863
0,0,28.544138483184021,77.271062453402422,-77.555
0,0,28.544182460600815,77.271056347039192,-115.471
0,0,28.544199559040809,77.271050029604297,-109.397
0,0,28.544234881110967,77.271019485550212,-145.810
0,0,28.544250661993619,77.270951689733025,-157.687
0,0,28.544260990702096,77.270872517648527,-141.858
0,0,28.544274141052608,77.270845882390219,-160.321
0,1,-160.319
0,0,28.544278630885938,77.270785263070309,-176.183
