32.560000
1,0,28.544389975399312,77.270728116651384
0,0,28.544279485569962,77.270745618951608,-177.332
0,1,-176.850
0,0,28.544281254043643,77.270663658522366,-177.648
0,0,28.544280734803777,77.270653450235869,171.116
0,0,28.544272567881233,77.270624369306333,150.932
0,0,28.544263359002574,77.270567003131987,-178.894
0,0,28.544224913063452,77.270492687240690,101.951
0,0,28.544200056079909,77.270481190820291,115.863
0,0,28.544191832768753,77.270476750636135,116.490
0,0,28.544183765897500,77.270472317732882,119.991
0,0,28.544155056284225,77.270447870322471,139.791
0,0,28.544149775120434,77.270439606716607,143.813
0,0,28.544140341908616,77.270420541919236,71.266
0,0,28.544087354567715,77.270425337594602,80.548
0,0,28.544035862034082,77.270462880632024,33.517
0,0,28.544016261347590,77.270539356534528,41.297
0,0,28.544006768038319,77.270556706325365,23.548
0,0,28.543994162980241,77.270580623831890,71.034
0,0,28.543985952506603,77.270584478683389,63.128
0,0,28.543947540787464,77.270638494611973,13.694
0,0,28.543943258489794,77.270658345746668,8.097
0,0,28.543942513468366,77.270668215980209,2.339
0,0,28.543929106449575,77.270704401053720,27.300
0,0,28.543919934742984,77.270784415419087,2.171
0,0,28.543920015702291,77.270825414774677,-9.561
0,0,28.543933531188795,77.270862745692384,-39.139
0,0,28.543987447492633,77.270895636257521,-86.422
0,0,28.543996797313334,77.270908044069643,-16.868
0,0,28.544003967893570,77.270926596785301,-29.405
0,0,28.544012566836525,77.270943695079239,2.170
0,0,28.544012344322031,77.270953924529877,2.628
0,0,28.544012509100593,77.270964176799666,-6.614
0,1,-2.639
0,0,28.544067156822329,77.271049092191248,-72.642
0,0,28.544076118765226,77.271051291451457,-80.228
0,0,28.544128814464507,77.271059543583959,-73.210
0,0,28.544206992526846,77.271046518273593,-117.631
0,0,28.544214976440124,77.271041409714130,-121.312
0,0,28.544253209510746,77.270942870977095,-163.658
0,0,28.544256289610843,77.270892275078253,-178.775
0,0,28.544256512082349,77.270882045602477,-178.491
0,0,28.544270254192948,77.270856496922292,-151.766
0,0,28.544277571544278,77.270827127712863,-173.119
0,0,28.544279040671096,77.270766077910253,-176.596
