7.920000
1,0,28.544389975399312,77.270728116651384
0,0,28.544279851315746,77.270729307952664,-179.999
0,0,28.544281087377662,77.270657442075887,176.994
0,0,28.544277615507522,77.270637575086553,160.989
0,0,28.544269860935703,77.270619150439401,147.743
0,0,28.544258316671154,77.270603475899804,133.621
0,0,28.544256878427639,77.270553989408313,179.143
0,0,28.544260713447077,77.270546253437757,-107.760
0,0,28.544312408875552,77.270528717659559,-114.248
1,0,28.544329910182110,77.270518080360091
0,0,28.544338301621938,77.270502701068196,-169.018
1,0,28.544334813163420,77.270479470890393
1,0,28.544315278520521,77.270452612104307
1,0,28.544299178774242,77.270447372882330
0,0,28.544269561708397,77.270452285596036,81.226
0,0,28.544180281248234,77.270458730602456,96.424
0,0,28.544152413299855,77.270435026785478,138.328
0,0,28.544114299148834,77.270425064323319,89.517
0,0,28.544078392837335,77.270427371789424,75.339
0,0,28.544044652268525,77.270441130588367,75.920
0,0,28.544035810491017,77.270443408254835,77.066
0,0,28.544009297234787,77.270449520436216,78.517
0,1,80.522
0,0,28.543993252070802,77.270457994979083,48.007
0,0,28.543987524883622,77.270465872204227,31.101
0,1,30.039
0,1,31.750
0,0,28.543984347188090,77.270475452048345,9.023
1,0,28.543989416547451,77.270502092864845
0,0,28.544010163082863,77.270525703998004,-47.373
0,0,28.544017154677075,77.270532341404802,-53.252
0,0,28.543994718390483,77.270580408111925,71.719
0,0,28.543954192425193,77.270618992423550,29.154
0,0,28.543950399516017,77.270628271830972,21.799
0,0,28.543947659221104,77.270638015067505,14.564
0,0,28.543926436396209,77.270726589669835,20.496
0,0,28.543928676162356,77.270761650679319,-56.464
0,0,28.543936104846381,77.270767450228121,-54.916
1,0,28.543957776206057,77.270790058849713
0,0,28.543959274872005,77.270817266253559,7.902
0,0,28.543954170725698,77.270836774363929,18.801
0,0,28.543945575157554,77.270865855567649,9.197
0,0,28.544007367944246,77.270932470708729,-36.027
0,0,28.544028184854454,77.271018018393761,-34.390
0,0,28.544063777535676,77.271047901450657,-70.996
0,0,28.544108256081074,77.271052827251040,-90.729
0,0,28.544160825686301,77.271063326417419,-95.450
0,0,28.544186497099254,77.271054051904017,-118.346
1,0,28.544223063102777,77.271034473231467
0,0,28.544244608509274,77.270996689694158,-162.864
0,0,28.544263698642528,77.270868625188939,-142.172
0,0,28.544275399230113,77.270841136522478,-163.924
