26.400000
1,0,28.544389975399312,77.270728116651384
0,0,28.544280179084407,77.270714280006274,-177.933
0,0,28.544280402245089,77.270704048212863,-179.187
0,0,28.544278971129799,77.270642788664901,165.803
0,1,166.918
0,0,28.544256313600034,77.270579888632895,179.848
0,0,28.544257196976048,77.270497915879716,174.242
0,0,28.544122204639635,77.270425285403533,89.819
0,1,90.022
0,0,28.544113169793000,77.270425032740448,89.956
0,0,28.544077303926851,77.270427711391719,71.580
0,0,28.544068659417757,77.270431175885093,68.755
0,0,28.544060594312281,77.270435772908328,57.485
0,0,28.544046391797959,77.270448079193898,46.589
0,0,28.544021382114082,77.270532933893648,45.538
0,0,28.544003140213107,77.270567771395449,15.319
0,0,28.543992985704318,77.270581093757500,70.149
0,0,28.543977067464720,77.270590322240608,56.741
0,0,28.543947266472447,77.270639881042200,15.077
0,0,28.543942493709224,77.270669799741071,1.918
0,0,28.543942270485044,77.270680031500191,3.614
0,0,28.543920353283131,77.270765544277765,2.261
0,0,28.543920130124427,77.270775776036061,2.985
0,1,2.983
0,1,3.002
0,0,28.543940343541273,77.270871688262901,-44.605
0,0,28.543997168758398,77.270909410055296,-18.359
0,0,28.544000421023849,77.270918948848262,-24.374
0,0,28.544004699925633,77.270927953363270,-32.000
0,0,28.544051051926960,77.271041417646657,-59.330
0,0,28.544067827340903,77.271049303029088,-77.032
0,0,28.544094421478608,77.271052440278126,-90.177
0,0,28.544129338341904,77.271059747855475,-74.178
0,0,28.544138067565846,77.271062361532998,-79.839
0,0,28.544173643228323,77.271060202546863,-108.733
0,0,28.544239350381392,77.271011156140744,-152.668
0,0,28.544245685625274,77.270992217159488,-165.117
0,0,28.544255027550424,77.270932377943879,-171.108
0,0,28.544256080639272,77.270901871093358,179.973
0,0,28.544256526908622,77.270881407511737,179.064
0,0,28.544266116013112,77.270864688135276,-146.677
0,0,28.544270568867876,77.270855792703713,-154.423
0,0,28.544277954409210,77.270816278191390,-176.269
0,1,-179.636
0,0,28.544279509597718,77.270744975385909,-179.562
