14.080000
1,0,28.544389975399312,77.270728116651384
0,0,28.544279955922946,77.270724511799585,-178.546
0,0,28.544280179084407,77.270714280006274,-176.142
0,0,28.544280625405012,77.270693816419367,-176.354
0,0,28.544281269741688,77.270663033024618,177.690
0,0,28.544257838899743,77.270508115576632,-179.137
0,0,28.544257196976048,77.270497915879716,171.159
0,0,28.544231618731917,77.270475544464020,73.847
0,1,75.159
0,1,76.962
0,0,28.544170714955666,77.270466343539994,121.757
0,0,28.544122204639635,77.270425285403533,89.816
0,0,28.544104134946359,77.270424780077462,91.236
0,0,28.544035151258985,77.270464236180530,31.291
0,0,28.544030993606658,77.270473312887091,24.400
0,0,28.544021746549621,77.270522651175853,0.760
0,0,28.544015407595666,77.270540601122534,37.249
0,0,28.543984710436380,77.270585183888301,61.384
0,0,28.543976950863552,77.270590412354849,53.856
0,0,28.543963454836220,77.270603939922950,42.594
0,0,28.543947235497242,77.270640036917470,12.261
0,0,28.543944779225811,77.270649871373820,14.078
0,0,28.543942493709224,77.270669799741071,2.309
0,0,28.543938567137374,77.270688706080378,40.067
0,1,40.063
0,0,28.543933083906133,77.270696830066527,34.398
0,0,28.543920576441057,77.270755312519370,-0.335
0,0,28.543919460643721,77.270806471310337,-0.946
0,0,28.543920230461016,77.270826979151352,-7.304
0,0,28.543971069823389,77.270892414732401,-73.425
0,0,28.543997211371188,77.270909562206540,-15.877
0,1,-17.963
0,1,-19.661
0,0,28.544004699925633,77.270927953363270,-33.802
0,0,28.544015051204774,77.270954161465738,2.516
0,0,28.544014828047032,77.270964393232177,0.865
0,0,28.544030659596519,77.271021711169709,-37.581
0,0,28.544147016588468,77.271063720137363,-84.528
0,0,28.544182204209150,77.271056480920976,-113.170
0,0,28.544190458767869,77.271052921724689,-99.705
0,0,28.544255027550424,77.270932377943879,-170.956
0,0,28.544260626220247,77.270873006260246,-142.247
0,0,28.544276344533920,77.270836625914129,-169.476
0,0,28.544278847078029,77.270775351021115,179.138
0,0,28.544279286433948,77.270755207178922,-179.611
