3.300000
1,0,28.544389975399312,77.270728116651384
0,0,28.544280481007139,77.270700382658646,-178.659
0,1,-178.587
0,0,28.544262558584645,77.270604144420375,-178.109
1,0,28.544262818978812,77.270592083554831
0,0,28.544299860201203,77.270565844871086,-127.261
0,0,28.544306646107756,77.270559140764576,-131.991
1,0,28.544340648761594,77.270516363368799
0,0,28.544348670275788,77.270473440838231,-175.105
0,0,28.544349598315158,77.270463330290426,-175.363
0,0,28.544351358515872,77.270442946345881,-176.465
0,0,28.544353151423277,77.270412432632199,-176.246
0,0,28.544351511821262,77.270382006085839,162.715
0,0,28.544347931287405,77.270372763616237,148.842
0,0,28.544245305817316,77.270304415455968,88.643
0,0,28.544227370621293,77.270304030679497,91.420
0,1,93.524
0,1,91.913
0,0,28.544164397892654,77.270302679683766,92.669
0,0,28.544128010017324,77.270301899032518,91.103
0,0,28.544084532962490,77.270323478367828,-1.024
0,0,28.544030514131538,77.270385031628280,91.329
1,0,28.543987494630443,77.270437172793081
0,0,28.543982098368851,77.270505104068192,2.248
0,0,28.544015732051964,77.270540117884892,37.156
0,0,28.543976971664549,77.270583275325720,15.698
0,0,28.543974798113016,77.270593198311758,14.387
0,0,28.543964837358708,77.270642993487215,12.004
0,0,28.543964012356618,77.270765344815501,-7.276
0,0,28.543966186257776,77.270836465201853,-7.464
0,1,-4.847
1,0,28.543963284234408,77.270889272585606
0,0,28.543970014895621,77.270892072475320,-73.228
0,0,28.543978785779313,77.270894500242989,-78.628
0,0,28.543994849060368,77.270898408835521,-10.448
0,0,28.543996864982944,77.270908212351259,-17.751
0,0,28.544017939697358,77.270994497104653,-16.787
1,0,28.544030526342187,77.271021479733022
0,0,28.544050975643938,77.271041352708963,-58.765
0,0,28.544076296671250,77.271051322398279,-80.247
0,0,28.544120759469870,77.271055784681764,-65.262
0,0,28.544129119457430,77.271059647731917,-73.001
0,0,28.544155813265480,77.271063816305045,-90.533
0,0,28.544222361110748,77.271035188163069,-131.985
0,0,28.544234438719329,77.271020252831306,-146.784
0,0,28.544251389382346,77.270952090572891,-172.103
0,0,28.544262984556216,77.270861165380538,-172.044
0,0,28.544268092637839,77.270820753205001,-172.757
0,0,28.544269356163326,77.270810649868281,-169.551
0,0,28.544274335172332,77.270770074116157,-170.581
