38.730000
1,0,28.544389975399312,77.270728116651384
0,0,28.544280180624508,77.270715522456840,179.207
0,0,28.544281155085560,77.270674623820526,179.287
0,1,-178.311
0,0,28.544281388600623,77.270664536411076,-178.728
0,0,28.544276660043614,77.270634334405969,159.114
0,0,28.544263249841364,77.270588031220555,-178.641
0,0,28.544263735543090,77.270567581857790,-177.380
0,0,28.544262897338012,77.270547191298206,168.187
0,0,28.544188479512364,77.270471309543950,112.004
0,0,28.544144995042345,77.270426219149542,93.189
0,0,28.544127079396777,77.270425656193268,93.429
0,0,28.544082019704661,77.270426713618363,79.495
0,0,28.544065170988503,77.270433530192250,65.554
0,0,28.544027396482974,77.270487974311152,15.482
0,0,28.544025904354221,77.270498064274975,5.280
0,0,28.544024235332280,77.270559244931789,3.593
0,1,0.175
0,0,28.543993940541313,77.270580637451644,70.789
0,0,28.543944985686363,77.270700141741770,1.190
0,0,28.543944498457481,77.270720590994856,1.924
0,0,28.543944219045748,77.270832771610799,-13.940
0,0,28.543974411285877,77.270882025830502,-55.304
0,0,28.543999224210300,77.270893926318010,-77.842
0,0,28.544008011186733,77.270895442343104,-82.540
0,0,28.544014971997875,77.270947935180160,3.678
0,1,3.065
0,0,28.544014489880784,77.270968312684005,3.204
0,0,28.544054528154788,77.271042906587738,-63.254
0,0,28.544080332618567,77.271051133984031,-86.778
0,0,28.544125329696808,77.271052659593693,-87.238
0,0,28.544134358238427,77.271052935515613,-87.902
0,1,-89.212
0,0,28.544143386780025,77.271053211437646,-88.494
0,0,28.544238101828494,77.271012331140540,-152.036
0,0,28.544249614117003,77.270953241290826,-155.617
0,1,-157.481
0,0,28.544269744738102,77.270857109341392,-150.673
0,0,28.544273347085731,77.270847732893458,-159.056
0,0,28.544277325813084,77.270827825931420,-174.526
0,0,28.544278235472120,77.270797159964218,-176.434
