48.325000
1,0,28.544389975399312,77.270728116651384
0,0,28.544210234777928,77.270644856740390,91.354
0,0,28.544209186155978,77.270693248979910,91.409
0,0,28.544208137516822,77.270741641217214,91.409
0,0,28.544207088860446,77.270790033452315,91.409
0,0,28.544206040186857,77.270838425685184,91.409
0,0,28.544159906535256,77.270982407572873,-88.546
0,0,28.544160955258945,77.270934015366251,-88.590
0,0,28.544162003965422,77.270885623157398,-88.590
0,0,28.544163052654682,77.270837230946327,-88.590
0,0,28.544164101326739,77.270788838733054,-88.591
0,0,28.544165149981577,77.270740446517564,-88.591
0,0,28.544166198619191,77.270692054299843,-88.591
0,0,28.544167247239610,77.270643662079920,-88.591
0,0,28.544168295842816,77.270595269857779,-88.591
0,0,28.544169344428809,77.270546877633421,-88.591
0,0,28.544170392997586,77.270498485406847,-88.591
0,0,28.544127405454340,77.270497290807413,91.402
0,0,28.544126356887109,77.270545683014390,91.409
0,0,28.544125308302647,77.270594075219151,91.409
0,0,28.544124259700986,77.270642467421695,91.409
0,0,28.544123211082098,77.270690859622022,91.409
0,0,28.544122162446008,77.270739251820132,91.409
0,0,28.544121113792702,77.270787644016025,91.409
0,0,28.544120065122193,77.270836036209715,91.409
0,0,28.544119016434468,77.270884428401189,91.409
0,0,28.544117967729520,77.270932820590431,91.410
0,0,28.544116919007376,77.270981212777457,91.410
0,0,28.544073931479183,77.270980017984300,-88.598
0,0,28.544074980199799,77.270931625816857,-88.590
0,0,28.544076028903195,77.270883233647197,-88.590
0,0,28.544077077589389,77.270834841475335,-88.590
0,0,28.544078126258366,77.270786449301255,-88.591
0,0,28.544079174910134,77.270738057124959,-88.591
0,0,28.544080223544693,77.270689664946445,-88.591
0,0,28.544081272162039,77.270641272765701,-88.591
0,0,28.544082320762165,77.270592880582768,-88.591
0,0,28.544083369345081,77.270544488397604,-88.591
0,0,28.544084417910781,77.270496096210223,-88.591
0,0,28.544038284622772,77.270640078111981,91.453
0,0,28.544037236006965,77.270688470273100,91.409
0,0,28.544036187373944,77.270736862432017,91.409
0,0,28.544035138723711,77.270785254588731,91.409
0,0,28.544034090056265,77.270833646743213,91.409
0,0,28.543991102522824,77.270832452013323,-88.598
0,0,28.543992151188739,77.270784059878423,-88.591
0,0,28.543993199837434,77.270735667741320,-88.591
0,0,28.543994248468909,77.270687275602015,-88.591
0,0,28.543995297083185,77.270638883460464,-88.591
