40.000000
1,0,28.544622397098948,77.272056150028064
0,0,28.544751048534625,77.272613813927578,101.334
0,0,28.544707675972159,77.272858051934307,101.400
0,0,28.544699001408222,77.272906899507916,101.400
0,0,28.544631932373729,77.272942447332184,-78.572
0,0,28.544640606948622,77.272893599792994,-78.600
0,0,28.544649281506370,77.272844752244566,-78.600
0,0,28.544657956046962,77.272795904686888,-78.600
0,0,28.544666630570411,77.272747057119972,-78.600
0,0,28.544675305076719,77.272698209543805,-78.600
0,0,28.544683979565860,77.272649361958401,-78.600
0,0,28.544692654037874,77.272600514363745,-78.600
0,0,28.544701328492717,77.272551666759853,-78.600
0,0,28.544710002930422,77.272502819146723,-78.600
0,0,28.544718677350986,77.272453971524342,-78.600
0,0,28.544727351754393,77.272405123892725,-78.600
0,0,28.544736026140658,77.272356276251855,-78.600
0,0,28.544753374861731,77.272258580942392,-78.600
0,0,28.544762049196546,77.272209733273797,-78.600
0,0,28.544703654647673,77.272196433928400,101.342
0,0,28.544694980319036,77.272245281571813,101.400
0,0,28.544686305973272,77.272294129205989,101.400
0,0,28.544677631610348,77.272342976830913,101.400
0,0,28.544668957230275,77.272391824446586,101.400
0,0,28.544660282833075,77.272440672053023,101.400
0,0,28.544651608418697,77.272489519650222,101.400
0,0,28.544642933987181,77.272538367238170,101.400
0,0,28.544634259538515,77.272587214816880,101.400
0,0,28.544625585072705,77.272636062386340,101.400
0,0,28.544616910589742,77.272684909946562,101.400
0,0,28.544608236089640,77.272733757497534,101.400
0,0,28.544599561572372,77.272782605039268,101.400
0,0,28.544590887037977,77.272831452571765,101.400
0,0,28.544582212486418,77.272880300095011,101.400
0,0,28.544573537917721,77.272929147609005,101.400
0,0,28.544541167095190,77.272769305408602,-78.661
0,0,28.544549841606258,77.272720457892049,-78.600
0,0,28.544558516100178,77.272671610366260,-78.600
0,0,28.544567190576945,77.272622762831219,-78.600
0,0,28.544575865036563,77.272573915286941,-78.600
0,0,28.544584539479040,77.272525067733426,-78.600
0,0,28.544593213904360,77.272476220170660,-78.600
0,0,28.544601888312542,77.272427372598642,-78.600
0,0,28.544610562703561,77.272378525017388,-78.600
0,0,28.544619237077445,77.272329677426896,-78.600
0,0,28.544627911434169,77.272280829827153,-78.600
0,0,28.544636585773755,77.272231982218173,-78.600
0,0,28.544645260096186,77.272183134599942,-78.600
0,0,28.544578191225863,77.272218682881487,101.428
0,0,28.544569516892476,77.272267530465285,101.400
0,0,28.544560842541937,77.272316378039832,101.400
0,0,28.544552168174256,77.272365225605142,101.400
0,0,28.544543493789412,77.272414073161215,101.400
0,0,28.544534819387426,77.272462920708037,101.400
0,0,28.544526144968302,77.272511768245622,101.400
0,0,28.544517470532007,77.272560615773955,101.400
0,0,28.544508796078581,77.272609463293051,101.400
0,0,28.544500121608014,77.272658310802896,101.400
0,0,28.544441727113234,77.272645011256472,-78.658
0,0,28.544450401577627,77.272596163771809,-78.600
0,0,28.544459076024864,77.272547316277908,-78.600
0,0,28.544467750454949,77.272498468774756,-78.600
0,0,28.544476424867899,77.272449621262354,-78.600
0,0,28.544485099263685,77.272400773740713,-78.600
0,0,28.544493773642341,77.272351926209836,-78.600
0,0,28.544502448003826,77.272303078669708,-78.600
0,0,28.544511122348176,77.272254231120343,-78.600
0,0,28.544519796675370,77.272205383561726,-78.600
0,0,28.544461402122284,77.272192084258918,101.342
0,0,28.544452727801279,77.272240931792354,101.400
0,0,28.544435379107806,77.272338626831470,101.400
0,0,28.544426704735358,77.272387474337179,101.400
0,0,28.544418030345756,77.272436321833624,101.400
0,0,28.544409355939010,77.272485169320831,101.400
0,0,28.544400681515107,77.272534016798801,101.400
0,0,28.544392007074066,77.272582864267520,101.400
0,0,28.544383332615865,77.272631711727001,101.400
0,0,28.544316263646742,77.272667259639519,-78.572
0,0,28.544324938115896,77.272618412214470,-78.600
0,0,28.544333612567897,77.272569564780170,-78.600
0,0,28.544342287002756,77.272520717336633,-78.600
0,0,28.544350961420466,77.272471869883844,-78.600
0,0,28.544359635821017,77.272423022421833,-78.600
0,0,28.544368310204430,77.272374174950556,-78.600
0,0,28.544376984570693,77.272325327470043,-78.600
0,0,28.544301241293685,77.272409723026982,101.445
0,0,28.544292566899312,77.272458570463812,101.400
0,0,28.544283892487798,77.272507417891404,101.400
0,0,28.544275218059134,77.272556265309760,101.400
0,0,28.544266543613325,77.272605112718864,101.400
0,0,28.544208149108151,77.272591813240226,-78.658
0,0,28.544216823547771,77.272542965856303,-78.600
0,0,28.544225497970242,77.272494118463129,-78.600
