23.500000
1,0,28.544622397098948,77.272056150028064
0,0,28.544627570157633,77.272185648303505,-6.824
0,0,28.544582497163010,77.272181832555560,103.315
0,1,0.221
0,1,-7.472
0,0,28.544556147059769,77.272187616335160,104.879
0,1,-14.439
0,0,28.544504615012009,77.272226255987761,81.165
0,0,28.544468978643305,77.272282481203675,104.164
0,0,28.544465053620399,77.272333439042058,91.040
0,0,28.544453847229665,77.272496298318785,81.491
0,0,28.544446107224143,77.272514589182052,82.157
0,0,28.544440161393172,77.272544183584230,91.706
0,0,28.544433408984414,77.272622423308803,79.862
0,0,28.544432528724055,77.272632600003490,99.537
0,0,28.544437414192821,77.272673001631830,98.974
0,0,28.544440771203014,77.272693075777113,89.843
0,0,28.544446915717831,77.272712223590943,105.016
0,0,28.544451527955040,77.272721014282908,103.466
0,0,28.544490510176249,77.272828759163872,85.026
0,0,28.544549902857096,77.272990823795894,133.971
0,0,28.544567269186409,77.272996423799242,94.893
0,0,28.544581841095582,77.273007344566267,90.061
0,0,28.544633147214292,77.273021531632480,103.843
0,1,5.266
0,0,28.544650898096737,77.273017889450458,87.591
0,1,-0.352
0,0,28.544677412418512,77.273012006485999,98.332
0,0,28.544708475256833,77.272991933532367,107.799
0,0,28.544713356952407,77.272962960274668,98.038
0,0,28.544726607515496,77.272925221375473,69.513
0,0,28.544731228678135,77.272916408866806,84.842
0,0,28.544738406714494,77.272846259159806,85.678
0,0,28.544738721902458,77.272836165902703,86.704
0,0,28.544735735622012,77.272335511006972,81.961
0,0,28.544721702598547,77.272257755075998,109.646
0,0,28.544701416896903,77.272237907700017,101.906
0,0,28.544684820377423,77.272229949208366,95.632
0,0,28.544636431396022,77.272187611324100,103.352
0,1,1.218
