45.560434,-26.688817,60.000000,0.000000
50.927843,-27.612357,60.000000,0.000000
61.662662,-29.459439,60.000000,0.000000
72.397481,-31.306520,60.000000,0.000000
83.132300,-33.153601,60.000000,0.000000
93.867119,-35.000682,60.000000,0.000000
104.601938,-36.847763,60.000000,0.000000
115.336757,-38.694844,60.000000,0.000000
120.704166,-39.618385,60.000000,0.000000
121.433119,-35.381875,60.000000,0.000000
116.065710,-34.458334,60.000000,0.000000
105.330891,-32.611253,60.000000,0.000000
94.596072,-30.764172,60.000000,0.000000
83.861253,-28.917091,60.000000,0.000000
73.126434,-27.070009,60.000000,0.000000
62.391615,-25.222928,60.000000,0.000000
51.656796,-23.375847,60.000000,0.000000
46.289387,-22.452307,60.000000,0.000000
47.747292,-13.979286,60.000000,0.000000
53.114702,-14.902827,60.000000,0.000000
63.849521,-16.749908,60.000000,0.000000
74.584340,-18.596989,60.000000,0.000000
85.319159,-20.444070,60.000000,0.000000
96.053978,-22.291151,60.000000,0.000000
106.788797,-24.138232,60.000000,0.000000
117.523616,-25.985313,60.000000,0.000000
122.891025,-26.908854,60.000000,0.000000
124.348931,-18.435833,60.000000,0.000000
118.981522,-17.512293,60.000000,0.000000
108.246703,-15.665212,60.000000,0.000000
97.511884,-13.818131,60.000000,0.000000
86.777065,-11.971049,60.000000,0.000000
76.042246,-10.123968,60.000000,0.000000
65.307427,-8.276887,60.000000,0.000000
54.572608,-6.429806,60.000000,0.000000
49.205198,-5.506265,60.000000,0.000000
50.663104,2.966755,60.000000,0.000000
56.030514,2.043215,60.000000,0.000000
66.765333,0.196133,60.000000,0.000000
77.500152,-1.650948,60.000000,0.000000
88.234971,-3.498029,60.000000,0.000000
98.969790,-5.345110,60.000000,0.000000
109.704609,-7.192191,60.000000,0.000000
120.439428,-9.039272,60.000000,0.000000
125.806837,-9.962813,60.000000,0.000000
127.264743,-1.489792,60.000000,0.000000
121.897334,-0.566252,60.000000,0.000000
111.162515,1.280830,60.000000,0.000000
100.427696,3.127911,60.000000,0.000000
89.692877,4.974992,60.000000,0.000000
78.958058,6.822073,60.000000,0.000000
68.223239,8.669154,60.000000,0.000000
57.488420,10.516235,60.000000,0.000000
52.121010,11.439776,60.000000,0.000000
53.578916,19.912796,60.000000,0.000000
58.946326,18.989256,60.000000,0.000000
69.681145,17.142175,60.000000,0.000000
80.415964,15.295094,60.000000,0.000000
91.150783,13.448012,60.000000,0.000000
101.885602,11.600931,60.000000,0.000000
112.620421,9.753850,60.000000,0.000000
123.355240,7.906769,60.000000,0.000000
128.722649,6.983228,60.000000,0.000000
130.180555,15.456249,60.000000,0.000000
124.813145,16.379790,60.000000,0.000000
114.078327,18.226871,60.000000,0.000000
103.343508,20.073952,60.000000,0.000000
92.608689,21.921033,60.000000,0.000000
81.873870,23.768114,60.000000,0.000000
71.139051,25.615195,60.000000,0.000000
60.404232,27.462276,60.000000,0.000000
55.036822,28.385817,60.000000,0.000000
55.765775,32.622327,60.000000,0.000000
61.133185,31.698787,60.000000,0.000000
71.868004,29.851706,60.000000,0.000000
82.602823,28.004624,60.000000,0.000000
93.337642,26.157543,60.000000,0.000000
104.072461,24.310462,60.000000,0.000000
114.807280,22.463381,60.000000,0.000000
125.542098,20.616300,60.000000,0.000000
130.909508,19.692759,60.000000,0.000000
