45.560434,-26.688817,60.000000,0.000000
64.346367,-29.921209,60.000000,0.000000
101.918233,-36.385993,60.000000,0.000000
120.704166,-39.618385,60.000000,0.000000
123.255502,-24.790599,60.000000,0.000000
104.469569,-21.558207,60.000000,0.000000
66.897702,-15.093423,60.000000,0.000000
48.111769,-11.861031,60.000000,0.000000
53.214440,17.794541,60.000000,0.000000
72.000373,14.562149,60.000000,0.000000
109.572239,8.097365,60.000000,0.000000
128.358173,4.864973,60.000000,0.000000
130.909508,19.692759,60.000000,0.000000
112.123575,22.925151,60.000000,0.000000
74.551708,29.389935,60.000000,0.000000
55.765775,32.622327,60.000000,0.000000
