14.500000
1,0,28.544622397098948,77.272056150028064
0,0,28.544601407973744,77.272182959000858,93.842
0,0,28.544565547660582,77.272183806716825,78.022
0,0,28.544540984747151,77.272196354051388,56.046
0,0,28.544521967867606,77.272218026077581,78.284
0,0,28.544513496163216,77.272221071565653,70.876
0,0,28.544505294622255,77.272225348809556,62.091
0,1,62.621
0,0,28.544460038502624,77.272258920996762,113.570
0,0,28.544451819403271,77.272254695990426,116.670
0,0,28.544435381204032,77.272246245979858,114.398
0,0,28.544394313488805,77.272225260257642,113.039
0,0,28.544385714583509,77.272222133815973,103.434
0,0,28.544268020325688,77.272325866372157,34.617
0,0,28.544221637620986,77.272370090374650,48.456
0,0,28.544215101097898,77.272377144231555,44.084
0,0,28.544209393134750,77.272385067480627,36.931
0,0,28.544185845287377,77.272440047545260,26.125
0,0,28.544170922359001,77.272477279441489,24.849
0,0,28.544139953427127,77.272592490959696,-10.065
0,0,28.544145776210762,77.272611806938102,-26.415
0,0,28.544190977837285,77.272628256948565,-68.247
0,0,28.544198929193918,77.272632933470106,-59.708
0,0,28.544213860349426,77.272644540670086,-53.611
0,0,28.544227601521094,77.272657789281141,-50.640
0,0,28.544284042524485,77.272689289439413,-69.487
0,0,28.544325788554183,77.272708543083723,-68.014
0,0,28.544359730230607,77.272722511874463,-72.825
0,0,28.544386004498897,77.272729780239501,-72.142
0,1,-71.015
0,0,28.544462616300326,77.272735501813017,-48.506
0,0,28.544487003459366,77.272807693806683,-12.813
0,0,28.544503577273730,77.272838748102032,-72.587
0,0,28.544512208094019,77.272841974409644,-67.457
0,0,28.544520025268518,77.272846809473663,-53.596
0,0,28.544545027702274,77.272876201692014,-34.796
0,0,28.544547558411754,77.272915889482306,10.140
1,0,28.544535555323229,77.272959439310938
1,0,28.544535555323229,77.272959439310938
0,0,28.544545847745223,77.272992113444943,-46.521
0,0,28.544586559855833,77.273010661516594,-59.209
0,0,28.544607185842732,77.272995012680099,-127.317
0,0,28.544615009723461,77.272990151564116,-112.363
0,1,-108.607
0,0,28.544623746677857,77.272987395967220,-103.624
0,0,28.544659538397489,77.272989170854984,-88.271
0,0,28.544702900715386,77.272996785452321,-101.021
0,1,-97.233
0,0,28.544726814283656,77.272944702169113,-142.321
0,0,28.544742120417837,77.272908363702243,-176.680
0,0,28.544741345964745,77.272887949922023,174.035
0,0,28.544739182994697,77.272867703850409,173.764
0,0,28.544736110560819,77.272837298055720,172.329
0,0,28.544748753284896,77.272728755500069,169.942
0,0,28.544742062053167,77.272688575690182,169.797
0,0,28.544731755592110,77.272660751600569,154.355
0,0,28.544722924669127,77.272621350189183,172.930
0,0,28.544721161080993,77.272519162392086,-177.797
0,0,28.544721472473910,77.272509030794140,-174.952
1,0,28.544735420438020,77.272435065622275
1,0,28.544753931890735,77.272417457517122
0,0,28.544779732170216,77.272402393567404,179.732
0,0,28.544778482925196,77.272351302965163,178.018
0,0,28.544768265473945,77.272261095815693,149.501
0,1,151.594
0,1,149.164
0,0,28.544751189915562,77.272237673622655,129.570
0,0,28.544668105313516,77.272207773057261,135.689
0,0,28.544628253856722,77.272185497740608,100.002
