47.719700,25.172160,5.500000,82.238209
47.078790,24.596360,5.500000,128.595146
46.820900,19.782660,5.500000,89.999948
46.702500,17.572760,5.500000,90.008291
46.518170,14.116950,5.500000,89.994926
46.335740,10.708190,5.500000,90.002117
46.088740,6.087360,5.500000,89.998595
45.930260,3.126035,5.500000,90.003308
45.772140,0.165030,5.500000,89.995387
45.630415,-2.480480,5.500000,90.000000
47.719700,25.172160,10.000000,82.238209
47.078790,24.596360,10.000000,128.595146
46.820900,19.782660,10.000000,89.999948
46.702500,17.572760,10.000000,90.008291
46.518170,14.116950,10.000000,89.994926
46.335740,10.708190,10.000000,90.002117
46.088740,6.087360,10.000000,89.998595
45.930260,3.126035,10.000000,90.003308
45.772140,0.165030,10.000000,89.995387
45.630415,-2.480480,10.000000,90.000000
49.877380,16.032980,16.000000,109.875229
49.620547,11.407063,16.000000,90.000000
49.363713,6.781147,16.000000,90.000000
49.106880,2.155230,16.000000,-254.042218
55.372570,22.539440,19.000000,99.510959
55.128550,21.145920,19.000000,77.639374
54.668970,20.823290,19.000000,93.198133
50.723310,17.670940,19.000000,109.813388
49.922503,13.097090,19.000000,90.000000
49.121697,8.523240,19.000000,90.000000
48.320890,3.949390,19.000000,-253.982282
49.840225,1.785130,19.000000,-90.000000
51.359560,-0.379130,19.000000,-100.084622
53.675910,21.265210,22.000000,99.497518
53.593120,19.855360,22.000000,77.641017
53.174290,19.482990,22.000000,93.198525
49.620860,15.905510,22.000000,109.825315
49.348777,11.272210,22.000000,90.000000
49.076693,6.638910,22.000000,90.000000
48.804610,2.005610,22.000000,-253.994372
50.558840,0.032480,22.000000,-90.000000
52.313070,-1.940650,22.000000,-100.084826
53.675910,21.265210,25.000000,99.497518
53.593120,19.855360,25.000000,77.641017
53.174290,19.482990,25.000000,93.198525
49.620860,15.905510,25.000000,109.825315
49.348777,11.272210,25.000000,90.000000
49.076693,6.638910,25.000000,90.000000
48.804610,2.005610,25.000000,-253.994372
50.558840,0.032480,25.000000,-90.000000
52.313070,-1.940650,25.000000,-100.084826