23.500000
1,0,28.544622397098948,77.272056150028064
0,0,28.544618550137450,77.272184737765201,94.583
0,0,28.544600596023169,77.272183153318920,92.813
0,0,28.544582497163010,77.272181832555560,91.464
0,0,28.544573628287104,77.272182496539074,80.322
0,0,28.544564761841801,77.272184430036177,77.849
0,0,28.544521313115830,77.272218574605944,73.140
0,0,28.544512720234557,77.272221837174058,69.033
0,0,28.544474426702489,77.272263191743917,25.501
0,0,28.544467159041904,77.272302841233113,6.116
0,0,28.544466466291066,77.272312908899480,3.131
0,0,28.544462255436727,77.272374104514498,6.945
0,0,28.544460856340354,77.272394437249588,6.192
0,0,28.544455246341144,77.272475965587503,6.776
0,0,28.544450219964109,77.272505489114835,32.180
0,0,28.544441714707094,77.272564495126034,-11.806
0,0,28.544432528724055,77.272632600003490,3.204
0,1,2.791
0,0,28.544434086812839,77.272652756966608,-12.628
0,0,28.544435750503215,77.272662879299091,-8.208
0,0,28.544437414192821,77.272673001631830,-11.504
0,0,28.544457073304795,77.272729083798609,-42.269
0,0,28.544482256897940,77.272778536551726,-12.094
0,0,28.544487215265097,77.272808709050494,-12.035
0,0,28.544505385222742,77.272919276679005,-9.299
0,0,28.544516368694786,77.272957795076039,-29.707
0,0,28.544549902857096,77.272990823795894,-65.475
0,0,28.544597620731871,77.273016873458218,-67.891
0,0,28.544633147214292,77.273021531632480,-95.854
0,1,-96.427
0,0,28.544641959921641,77.273019773538948,-99.846
0,0,28.544650898096737,77.273017889450458,-99.838
0,0,28.544677412418512,77.273012006485999,-106.354
0,0,28.544718404622696,77.272943275803414,-157.209
0,0,28.544731228678135,77.272916408866806,-148.233
0,0,28.544737697525846,77.272866839974171,179.981
0,0,28.544739999036363,77.272785099218083,-178.330
0,1,-177.562
0,0,28.544743010967817,77.272764963912394,-166.243
0,0,28.544747852738631,77.272745270337936,-163.192
0,0,28.544739144953216,77.272669897794572,167.322
0,0,28.544725898509324,77.272589711263564,171.049
0,0,28.544722423670308,77.272528968568210,-174.660
0,0,28.544723822796449,77.272508635786934,-176.383
0,0,28.544729432854446,77.272427107248603,-174.983
0,0,28.544730125618528,77.272417039559016,-174.918
0,0,28.544732231073471,77.272386441677710,-173.149
0,0,28.544701416896903,77.272237907700017,119.016
0,0,28.544693338869653,77.272233339298040,112.739
0,1,115.114
0,0,28.544684820377423,77.272229949208366,105.012
0,0,28.544636431396022,77.272187611324100,106.539
0,0,28.544627570157633,77.272185648303505,95.005
